65.8576
66.2699
66.5384
67.0357
67.4355
67.9373
68.5203
68.8775
69.5803
70.2156
71.0517
72.0226
72.6574
73.4813
74.1763
74.9819
75.7346
76.6374
77.6570
78.5283
79.7888
80.7929
81.6652
82.4971
83.3772
83.9988
84.7817
85.3585
85.7261
86.4300
86.9633
87.6142
88.4347
88.9007
89.4875
90.2501
90.7993
91.6921
92.5552
93.1770
94.0916
94.9276
95.8461
96.8060
97.9198
98.8749
99.7943
100.7412
101.6684
102.5862
103.3735
104.0248
104.2550
104.3754
104.1847
102.4894
99.8245
99.8200
100.0332
99.9983
99.9760
100.1321
100.0835
100.1358
99.9856
99.6752
99.0315
98.3749
97.4588
96.5247
96.0231
95.3117
95.0186
94.9348
94.8999
95.0576
95.4069
95.8564
96.5603
97.3899
98.5075
99.5703
100.4722
101.4500
102.1400
102.5638
103.4422
104.0050
104.8216
105.8952
106.5620
107.1367
107.5941
108.2245
108.7877
109.5050
110.1717
110.5530
110.8792
111.1200